4294967278,20
4294967278,228
4294967278,23
4294967278,22
4294967278,21
4294967294,1248
4294967294,1067
4294967294,190
4294967294,1069
4294967294,1073
4294967294,170
4294967278,226
4294967278,24
4294967278,225
4294967278,27
4294967278,26
4294967278,25
4294967278,223
4294967278,221
4294967278,219
4294967278,30
4294967278,29
4294967278,28
4294967278,217
4294967278,40
4294967278,39
4294967278,38
4294967278,37
4294967278,36
4294967278,35
4294967278,34
4294967278,33
4294967278,32
4294967278,31
4294967278,215
4294967278,314
4294967278,351
4294967279,416
4294967278,313
4294967278,350
4294967294,89
4294967278,209
4294967294,439
4294967294,1166
4294967294,1160
4294967279,415
4294967278,208
4294967278,349
4294967278,207
4294967279,414
4294967278,310
4294967278,205
4294967278,204
26,4
26,3
26,2
26,1
4294967278,203
4294967278,307
4294967279,413
4294967278,48
4294967278,47
4294967278,46
4294967278,45
4294967278,44
4294967278,43
4294967278,42
4294967278,41
4294967279,56
4294967279,54
4294967279,53
4294967278,306
4294967279,412
4294967278,305
4294967278,197
4294967278,196
4294967278,195
4294967278,302
4294967278,301
4294967278,192
4294967278,189
4294967278,191
4294967278,190
4294967278,299
4294967278,348
4294967278,347
4294967294,115
4294967279,411
4294967279,410
4294967278,346
4294967279,409
4294967278,345
4294967278,185
4294967279,408
4294967278,184
4294967278,298
4294967278,183
4294967278,296
4294967278,181
4294967278,180
23,4
23,2
23,1
4294967279,407
4294967278,179
4294967279,51
4294967279,49
4294967279,48
4294967279,46
4294967279,45
4294967278,178
4294967278,177
4294967278,176
4294967294,94
4294967294,96
4294967278,175
22,4
22,3
22,2
22,1
4294967278,173
4294967294,8
0,7
4294967279,43
4294967278,344
4294967294,104
4294967294,106
4294967279,41
4294967279,38
4294967279,37
4294967279,36
4294967279,35
4294967278,343
4294967294,1421
4294967294,40
4294967294,38
4294967294,37
4294967279,406
4294967278,292
4294967278,342
4294967279,405
4294967278,341
4294967279,404
4294967278,340
4294967279,403
4294967278,339
4294967278,338
4294967279,33
4294967279,299
4294967278,337
19,2
4294967278,336
4294967279,297
4294967279,32
4294967278,335
4294967279,402
17,2
17,4
4294967279,157
4294967279,29
4294967279,394
20,2
20,4
19,4
4294967279,401
20,1
19,1
4294967279,26
4294967279,25
4294967279,24
4294967279,23
4294967279,22
4294967279,20
4294967278,334
4294967279,151
4294967279,392
4294967279,149
4294967279,400
4294967279,294
20,5
19,5
4294967279,18
4294967279,16
4294967279,14
4294967279,13
4294967279,12
4294967279,10
4294967279,9
4294967294,75
4294967294,1072
4294967294,186
4294967294,1068
4294967294,413
4294967294,5
4294967294,9
4294967294,107
20,3
4294967294,76
4294967294,36
4294967294,41
4294967294,1422
4294967294,39
4294967294,42
4294967294,392
4294967294,46
4294967294,389
4294967294,390
4294967294,114
4294967294,1423
4294967294,120
4294967294,430
4294967294,52
4294967294,417
4294967294,51
4294967294,29
4294967294,1
4294967294,2
4294967294,0
4294967294,1078
4294967294,25
4294967294,92
4294967294,91
4294967294,90
4294967294,88
4294967294,87
4294967294,86
4294967294,85
4294967294,84
4294967294,83
0,5
4294967294,1247
4294967294,1086
4294967294,1246
4294967294,28
4294967294,53
4294967294,1424
4294967294,45
4294967294,44
4294967278,333
4294967278,260
4294967278,0
4294967279,399
4294967279,260
4294967279,0
4294967294,7
4294967294,6
4294967294,22
4294967294,17
4294967294,99
4294967294,26
4294967294,422
4294967294,1237
4294967294,1236
4294967294,1234
4294967294,1233
4294967294,1062
4294967294,1060
4294967294,1058
4294967294,18
4294967294,127
4294967294,14
4294967294,126
4294967294,20
4294967294,13
4294967294,93
4294967294,95
4294967294,50
4294967294,470
4294967294,1163
4294967294,11
4294967278,132
4294967278,131
4294967278,130
4294967278,129
4294967278,128
4294967278,127
4294967278,126
4294967278,125
4294967278,124
4294967278,123
4294967278,122
4294967278,121
4294967278,120
4294967278,119
4294967278,118
4294967278,117
4294967278,116
4294967278,115
4294967278,114
4294967278,113
4294967278,112
4294967278,111
4294967278,110
4294967278,109
4294967278,108
4294967278,107
4294967278,106
4294967278,105
